"subject" "y" "x" "NA"
1 "Laying" 0.22159824394 -0.0405139534294
14 "Laying" 0.233275439803922 -0.0113424652490196
20 "Laying" 0.239507882205882 -0.0144406281132353
19 "Walking_Up_Stairs" 0.242118808925 -0.0303986615775
2 "Walking_Up_Stairs" 0.247164790395833 -0.0214121132045833
9 "Sitting" 0.24832674354 -0.02701677698
22 "Walking_Up_Stairs" 0.248391534566667 -0.0268622561133333
6 "Laying" 0.248656520140351 -0.0102529170561404
7 "Walking_Up_Stairs" 0.248706923078431 -0.0275639005607843
23 "Walking_Up_Stairs" 0.249995171031373 -0.0323844029237255
7 "Laying" 0.250176694038462 -0.0204411516884615
25 "Laying" 0.250791828613699 -0.0188943663671233
20 "Walking_Up_Stairs" 0.252098317156863 -0.0282258047588235
17 "Walking_Up_Stairs" 0.252604768583333 -0.0228645614308333
1 "Walking_Up_Stairs" 0.255461689622641 -0.0239531492643396
16 "Walking_Up_Stairs" 0.255986102627451 -0.0143654945011765
3 "Sitting" 0.257197599134615 -0.00350299841730769
13 "Walking_Up_Stairs" 0.258203939581818 -0.0277392253910909
26 "Sitting" 0.258243530166667 -0.00713364541358974
8 "Walking_Up_Stairs" 0.258880152048781 -0.0282415136341463
9 "Laying" 0.2591955368 -0.020526821662
12 "Laying" 0.260113433 -0.0175203917146667
3 "Walking_Up_Stairs" 0.260819873067797 -0.0324109410555932
1 "Sitting" 0.261237565425532 -0.00130828765170213
8 "Laying" 0.261254282907407 -0.0212281733881481
28 "Walking_Up_Stairs" 0.262005841764706 -0.0279443943478431
14 "Walking_Up_Stairs" 0.26242106612963 -0.0204388180024074
9 "Walking_Up_Stairs" 0.262436475714286 -0.0195101099975714
19 "Walking_Down_Stairs" 0.262688053871795 -0.0145942275069487
4 "Laying" 0.263559214981481 -0.0150031841055556
11 "Walking_Up_Stairs" 0.263775859277778 -0.0303157822055556
21 "Walking_Up_Stairs" 0.265194544680851 -0.0237218695148936
18 "Walking_Up_Stairs" 0.265401201896552 -0.0222060684378914
29 "Walking_Up_Stairs" 0.265423066877551 -0.0299465312326531
27 "Walking_Up_Stairs" 0.265770253921569 -0.0200953324078431
10 "Walking_Up_Stairs" 0.267121853404255 -0.0143854920340426
8 "Sitting" 0.267491472934783 -0.00672550621304348
6 "Walking_Up_Stairs" 0.268229355098039 -0.0272425385070588
30 "Sitting" 0.268336081379032 -0.00804731295322581
5 "Walking_Up_Stairs" 0.268459469914894 -0.0325269755153191
17 "Laying" 0.269780085577465 -0.0168462006729577
24 "Walking_Up_Stairs" 0.269881106779661 -0.0251979434569492
15 "Walking_Up_Stairs" 0.270187595833333 -0.0287523860708333
10 "Sitting" 0.270612056481481 -0.015042681852037
4 "Walking_Up_Stairs" 0.270876696730769 -0.0319804295729615
21 "Laying" 0.271325472455556 -0.0184233048415556
30 "Walking_Up_Stairs" 0.271415642261538 -0.0253311698786154
4 "Sitting" 0.27153827992 -0.007163065158
26 "Laying" 0.271645864540789 -0.0191895728026316
11 "Walking" 0.271821892881356 -0.0166475833623729
14 "Walking" 0.271959598644068 -0.0217785380966102
29 "Walking" 0.271999916792453 -0.0162915600588679
17 "Walking" 0.272341855245902 -0.0184875403339344
20 "Walking" 0.272589336470588 -0.021199992245098
19 "Laying" 0.272653733493976 -0.0171426864421687
26 "Walking_Up_Stairs" 0.272691394545455 -0.0281633797398182
24 "Laying" 0.272850494930556 -0.0173555210111111
15 "Sitting" 0.27290337979661 -0.0117188472271186
12 "Walking_Up_Stairs" 0.272970338653846 -0.0263574903403846
23 "Walking" 0.273211884237288 -0.0183618711932203
23 "Sitting" 0.273351251617647 -0.0133945015676471
24 "Sitting" 0.273475690147059 -0.0131255097938235
22 "Sitting" 0.273583822709677 -0.0123468446419355
5 "Sitting" 0.273694139545455 -0.00990083527045455
19 "Sitting" 0.273830316164384 -0.016739260030137
18 "Walking" 0.273887758571429 -0.0178023631866071
15 "Walking" 0.273899207962963 -0.0170809740090741
19 "Walking" 0.273931172307692 -0.0191773587903846
27 "Sitting" 0.273941302571429 -0.0155269799285714
23 "Laying" 0.274038007986111 -0.0216553835833333
27 "Laying" 0.274102492432432 -0.0179867611216216
16 "Laying" 0.274227162571429 -0.0166103510562857
13 "Sitting" 0.274328499591837 -0.00587732936326531
8 "Walking" 0.27468631 -0.0186628865310417
18 "Laying" 0.274691576923077 -0.0173937684615385
12 "Sitting" 0.275007224901961 -0.0157892988523529
3 "Laying" 0.275516852741935 -0.0189556785048387
3 "Walking" 0.275567462068966 -0.0171767844203448
7 "Walking" 0.275592961754386 -0.018653665345614
13 "Walking" 0.275883130350877 -0.0185660651947368
28 "Laying" 0.2759134825 -0.0167537858225
16 "Walking" 0.276023564509804 -0.0204286929452941
30 "Walking" 0.276406758 -0.0175880385730769
2 "Walking" 0.276426586440678 -0.0185949199145763
11 "Sitting" 0.276590197358491 -0.0149195616754717
10 "Standing" 0.276650300681818 -0.0155418603409091
13 "Laying" 0.276716360483871 -0.020440454366129
6 "Sitting" 0.276778487454545 -0.0145911615290909
27 "Walking" 0.276849485438596 -0.0166478783221912
21 "Standing" 0.27695224258427 -0.0167084730205618
28 "Sitting" 0.276977629444444 -0.0185404441258333
24 "Walking" 0.276980816034483 -0.0225446400534483
6 "Walking_Down_Stairs" 0.277045258145833 -0.019536840063125
2 "Sitting" 0.27708735173913 -0.0156879937282609
30 "Standing" 0.277112699152542 -0.0170163887813559
12 "Walking" 0.2771286656 -0.015560927606
29 "Sitting" 0.2771799775 -0.016630680375
18 "Sitting" 0.27727001877193 -0.0128691279736842
1 "Walking" 0.277330758736842 -0.0173838185273684
17 "Sitting" 0.2773570196875 -0.014156274084375
12 "Standing" 0.277405834918033 -0.0169002543196721
21 "Sitting" 0.277539616823529 -0.0144009705494118
2 "Walking_Down_Stairs" 0.27761534806383 -0.0226614158361702
11 "Standing" 0.277715562765957 -0.0171990886595745
13 "Standing" 0.277758431052632 -0.0167891993964912
28 "Standing" 0.277795069113924 -0.0172635124672152
5 "Walking" 0.27784234625 -0.0172850317482679
23 "Standing" 0.277899323235294 -0.0177475547867647
2 "Standing" 0.277911472222222 -0.0184208270166667
17 "Standing" 0.277942503333333 -0.0174120064169231
29 "Standing" 0.277965065846154 -0.0172605869061538
25 "Walking_Up_Stairs" 0.277995411384615 -0.0269863524264615
25 "Standing" 0.278013701621622 -0.0163569730274324
20 "Sitting" 0.278045439090909 -0.0147229305131818
20 "Standing" 0.278076904657534 -0.0180695049161644
19 "Standing" 0.27817226 -0.0154244056945205
5 "Laying" 0.278334325576923 -0.0183042123269231
18 "Standing" 0.278458805890411 -0.0166353518150685
9 "Walking" 0.278502842115385 -0.0180891971284423
25 "Sitting" 0.278541482461538 -0.0147696808030769
10 "Walking" 0.278574076603774 -0.017022351190566
4 "Walking" 0.278582015166667 -0.0148399475341667
22 "Walking" 0.27886459 -0.0167213607957174
15 "Standing" 0.278915803962264 -0.0183516360396226
1 "Standing" 0.278917629056604 -0.0161375901037736
25 "Walking" 0.278992759054054 -0.0186477624716216
22 "Standing" 0.279053861587302 -0.0158563207496825
21 "Walking" 0.279183526730769 -0.0181610317526923
26 "Walking" 0.279264443728814 -0.0154259586949153
26 "Walking_Down_Stairs" 0.2792845828 -0.01262580966778
27 "Standing" 0.279566921625 -0.016593236445
8 "Standing" 0.279620986111111 -0.0148113067148148
22 "Laying" 0.279959721194444 -0.0142629864502778
4 "Walking_Down_Stairs" 0.279965329555556 -0.00980200850666667
14 "Sitting" 0.279990577037037 -0.00870565463888889
3 "Standing" 0.280046513278689 -0.0143376555065574
15 "Walking_Down_Stairs" 0.280198851190476 -0.00563047804309524
10 "Laying" 0.280230574137931 -0.024294484137931
7 "Walking_Down_Stairs" 0.28030708 -0.0166332372978723
6 "Standing" 0.280346248596491 -0.0181236327175439
24 "Standing" 0.280348883913043 -0.0144785340348986
4 "Standing" 0.280499745892857 -0.00948911098553571
14 "Standing" 0.280545613833333 -0.01520781344
11 "Laying" 0.280592970877193 -0.0176598052315789
16 "Sitting" 0.280768574492754 -0.0102497939956522
30 "Laying" 0.281033900571429 -0.0194494098614286
26 "Standing" 0.281127035405405 -0.0166608306652703
28 "Walking" 0.281228223888889 -0.0156759722981481
2 "Laying" 0.281373403958333 -0.0181587397583333
12 "Walking_Down_Stairs" 0.281521097391304 -0.018084266865793
9 "Standing" 0.282310057333333 -0.0200454954022222
5 "Standing" 0.282544390892857 -0.00700418554517857
7 "Standing" 0.282723539433962 -0.0145740341037736
30 "Walking_Down_Stairs" 0.283190646967742 -0.0174383900204839
8 "Walking_Down_Stairs" 0.283484089210526 -0.0211058674973684
16 "Standing" 0.283497402948718 -0.0165999672935897
6 "Walking" 0.283658868070175 -0.0168954189082456
22 "Walking_Down_Stairs" 0.284458963861111 -0.0197999371686389
7 "Sitting" 0.284674637291667 -0.01461097580375
29 "Laying" 0.287295196811594 -0.0171965484202899
18 "Walking_Down_Stairs" 0.288439468909091 -0.0168666920221818
24 "Walking_Down_Stairs" 0.288631208909091 -0.0145730348310909
1 "Walking_Down_Stairs" 0.289188320408163 -0.00991850461020408
15 "Laying" 0.2894756525 -0.0166296542054167
23 "Walking_Down_Stairs" 0.289897411148148 -0.0162111457238889
10 "Walking_Down_Stairs" 0.290401594315789 -0.0200050770710526
25 "Walking_Down_Stairs" 0.291329666206897 -0.0210170522987931
11 "Walking_Down_Stairs" 0.291605631956522 -0.0178097721219565
3 "Walking_Down_Stairs" 0.292423484693878 -0.0193554079328571
29 "Walking_Down_Stairs" 0.293140441083333 -0.01494121505625
14 "Walking_Down_Stairs" 0.293422115555556 -0.0200141413657778
5 "Walking_Down_Stairs" 0.29354392712766 -0.00850107533191489
28 "Walking_Down_Stairs" 0.293642076521739 -0.0220230465913043
17 "Walking_Down_Stairs" 0.29391828326087 -0.0167359404347826
13 "Walking_Down_Stairs" 0.294907553404255 -0.0143723839108511
16 "Walking_Down_Stairs" 0.295586802191489 -0.0183898583787234
9 "Walking_Down_Stairs" 0.295923445 -0.0203994269075476
20 "Walking_Down_Stairs" 0.296144421355556 -0.00964120773155556
27 "Walking_Down_Stairs" 0.2975441875 -0.0135564467159091
21 "Walking_Down_Stairs" 0.3014610196 -0.0173195390157778
